# Frame list with one line of data per frame:
#   FRAME_ID, RIG_ID, RIG_FROM_WORLD[QW, QX, QY, QZ, TX, TY, TZ], NUM_DATA_IDS, DATA_IDS[] as (SENSOR_TYPE, SENSOR_ID, DATA_ID)
# Number of frames: 13
21 1 0.98838403511952111 0.103680836393839 0.049387782427293664 0.099539591281267867 -2.7466352108035239 0.3118157554747012 0.01946810181168767 1 CAMERA 1 21
22 1 0.98976276383595552 0.11106064477475505 0.023804999869695209 0.086420636929090133 2.6513804587956029 -0.41284388748210754 0.29053804128139271 1 CAMERA 1 22
24 1 0.98958813957273328 0.11482964946207555 0.022580065198285957 0.083783090639068067 3.4834619993033229 -0.57248942277947934 0.29109459671308546 1 CAMERA 1 24
28 1 0.98985640084092918 0.11423768535719603 0.024085125655996929 0.080956554278248632 4.3213976636694627 -1.034781437918235 0.81325530954690717 1 CAMERA 1 28
29 1 0.98838410964888279 0.11723178063961816 0.031408139075229484 0.091471800034118034 0.277091773516422 0.096284304443827878 -0.87886104358648143 1 CAMERA 1 29
31 1 0.98867783325553316 0.11011128060550225 0.040553632535489811 0.093525669207644047 -1.0771121685727638 -0.036640666553749042 -0.6334342235985827 1 CAMERA 1 31
42 1 0.98583204428365201 0.10383130787044902 0.082127524928070378 0.10300150299202937 -6.7879178843478991 2.3318099502140766 1.1836669038505094 1 CAMERA 1 42
43 1 0.98984671062201512 0.11495558960088018 0.027760116574924359 0.078854789442603768 4.4219208058575967 -1.3053076792390879 1.1704794960347022 1 CAMERA 1 43
46 1 0.98861608823753877 0.10675414576644605 0.043612873241243258 0.096642121909793099 -1.6257523216693044 0.0088876165417748967 -0.2787135649518967 1 CAMERA 1 46
49 1 0.98947295550261616 0.10804504569299977 0.033486132802151458 0.0902674766461984 1.4786691431252623 -0.61865219544143346 -0.18849343583346673 1 CAMERA 1 49
50 1 0.98684913862139367 0.10371675293442126 0.070092425796244195 0.10226761270779292 -5.2085638635798128 1.6078666525131666 0.65498526069964313 1 CAMERA 1 50
51 1 0.98764350924467459 0.10439062789076547 0.057259143342611445 0.10190331672279357 -3.951673630372901 0.96834347325901193 0.13546928265536878 1 CAMERA 1 51
52 1 0.9899600060136593 0.10715839942592996 0.026554757198693393 0.088267257780147365 2.107942327852661 -0.67830807074418387 0.40402031130671795 1 CAMERA 1 52
